0.0000000000000000e+00 0.0000000000000000e+00 0.0000000000000000e+00 
2.0000000000000001e-01 0.0000000000000000e+00 0.0000000000000000e+00 
4.0000000000000002e-01 0.0000000000000000e+00 0.0000000000000000e+00 
6.0000000000000009e-01 0.0000000000000000e+00 0.0000000000000000e+00 
8.0000000000000004e-01 0.0000000000000000e+00 0.0000000000000000e+00 
1.0000000000000000e+00 0.0000000000000000e+00 0.0000000000000000e+00 
0.0000000000000000e+00 2.0000000000000001e-01 0.0000000000000000e+00 
2.0000000000000001e-01 2.0000000000000001e-01 3.9553778282731579e-02 
4.0000000000000002e-01 2.0000000000000001e-01 5.6023291368713438e-02 
6.0000000000000009e-01 2.0000000000000001e-01 5.7871700631347424e-02 
8.0000000000000004e-01 2.0000000000000001e-01 4.3221858148978033e-02 
1.0000000000000000e+00 2.0000000000000001e-01 0.0000000000000000e+00 
0.0000000000000000e+00 4.0000000000000002e-01 0.0000000000000000e+00 
2.0000000000000001e-01 4.0000000000000002e-01 5.6023291368713445e-02 
4.0000000000000002e-01 4.0000000000000002e-01 8.3331301535055843e-02 
6.0000000000000009e-01 4.0000000000000002e-01 8.7197167972068904e-02 
8.0000000000000004e-01 4.0000000000000002e-01 6.3778880555143594e-02 
1.0000000000000000e+00 4.0000000000000002e-01 0.0000000000000000e+00 
0.0000000000000000e+00 6.0000000000000009e-01 0.0000000000000000e+00 
2.0000000000000001e-01 6.0000000000000009e-01 5.7871700631347403e-02 
4.0000000000000002e-01 6.0000000000000009e-01 8.7197167972068890e-02 
6.0000000000000009e-01 6.0000000000000009e-01 9.3027886832431197e-02 
8.0000000000000004e-01 6.0000000000000009e-01 6.9783768374207245e-02 
1.0000000000000000e+00 6.0000000000000009e-01 0.0000000000000000e+00 
0.0000000000000000e+00 8.0000000000000004e-01 0.0000000000000000e+00 
2.0000000000000001e-01 8.0000000000000004e-01 4.3221858148978019e-02 
4.0000000000000002e-01 8.0000000000000004e-01 6.3778880555143580e-02 
6.0000000000000009e-01 8.0000000000000004e-01 6.9783768374207245e-02 
8.0000000000000004e-01 8.0000000000000004e-01 5.6993369878946661e-02 
1.0000000000000000e+00 8.0000000000000004e-01 0.0000000000000000e+00 
0.0000000000000000e+00 1.0000000000000000e+00 0.0000000000000000e+00 
2.0000000000000001e-01 1.0000000000000000e+00 0.0000000000000000e+00 
4.0000000000000002e-01 1.0000000000000000e+00 0.0000000000000000e+00 
6.0000000000000009e-01 1.0000000000000000e+00 0.0000000000000000e+00 
8.0000000000000004e-01 1.0000000000000000e+00 0.0000000000000000e+00 
1.0000000000000000e+00 1.0000000000000000e+00 0.0000000000000000e+00 
