-1.0000000000000000e+00 -1.0000000000000000e+00 0.0000000000000000e+00 
-5.9999999999999998e-01 -1.0000000000000000e+00 0.0000000000000000e+00 
-1.9999999999999996e-01 -1.0000000000000000e+00 0.0000000000000000e+00 
2.0000000000000018e-01 -1.0000000000000000e+00 0.0000000000000000e+00 
6.0000000000000009e-01 -1.0000000000000000e+00 0.0000000000000000e+00 
1.0000000000000000e+00 -1.0000000000000000e+00 0.0000000000000000e+00 
-1.0000000000000000e+00 -5.9999999999999998e-01 0.0000000000000000e+00 
-5.9999999999999998e-01 -5.9999999999999998e-01 2.7261060425964467e-01 
-1.9999999999999996e-01 -5.9999999999999998e-01 4.7174931700788891e-01 
2.0000000000000018e-01 -5.9999999999999998e-01 5.2438616362429213e-01 
6.0000000000000009e-01 -5.9999999999999998e-01 3.8689934289872224e-01 
1.0000000000000000e+00 -5.9999999999999998e-01 0.0000000000000000e+00 
-1.0000000000000000e+00 -1.9999999999999996e-01 0.0000000000000000e+00 
-5.9999999999999998e-01 -1.9999999999999996e-01 4.6371419810474579e-01 
-1.9999999999999996e-01 -1.9999999999999996e-01 7.3782208870737709e-01 
2.0000000000000018e-01 -1.9999999999999996e-01 7.6150187196193853e-01 
6.0000000000000009e-01 -1.9999999999999996e-01 5.1124145756469119e-01 
1.0000000000000000e+00 -1.9999999999999996e-01 0.0000000000000000e+00 
-1.0000000000000000e+00 2.0000000000000018e-01 0.0000000000000000e+00 
-5.9999999999999998e-01 2.0000000000000018e-01 5.1123989997545327e-01 
-1.9999999999999996e-01 2.0000000000000018e-01 7.6150317629538467e-01 
2.0000000000000018e-01 2.0000000000000018e-01 7.3782692510700942e-01 
6.0000000000000009e-01 2.0000000000000018e-01 4.6371905872780206e-01 
1.0000000000000000e+00 2.0000000000000018e-01 0.0000000000000000e+00 
-1.0000000000000000e+00 6.0000000000000009e-01 0.0000000000000000e+00 
-5.9999999999999998e-01 6.0000000000000009e-01 3.8690116072259850e-01 
-1.9999999999999996e-01 6.0000000000000009e-01 5.2439116953495535e-01 
2.0000000000000018e-01 6.0000000000000009e-01 4.7175571419501050e-01 
6.0000000000000009e-01 6.0000000000000009e-01 2.7261492200083909e-01 
1.0000000000000000e+00 6.0000000000000009e-01 0.0000000000000000e+00 
-1.0000000000000000e+00 1.0000000000000000e+00 0.0000000000000000e+00 
-5.9999999999999998e-01 1.0000000000000000e+00 0.0000000000000000e+00 
-1.9999999999999996e-01 1.0000000000000000e+00 0.0000000000000000e+00 
2.0000000000000018e-01 1.0000000000000000e+00 0.0000000000000000e+00 
6.0000000000000009e-01 1.0000000000000000e+00 0.0000000000000000e+00 
1.0000000000000000e+00 1.0000000000000000e+00 0.0000000000000000e+00 
